
1000 207.36 205.31 246.5 474.27 772.25 0.0254240151686 0.0398627821079 0.116689443659 0.0738095868669 0.00452524793314 
10000 1021.15 680.69 669.64 954.73 861.79 0.108973013898 0.0231210211949 0.193108849841 0.0844850360859 0.63389063267 
100000 5795.79 3123.26 2367.1 2656.38 3221.75 0.00515250494647 0.0367700843152 0.860583107397 0.569090174595 0.587482140738 
1000000 55991.39 28465.04 19171.21 18265.29 17723.4 0.00271375751222 0.00498101067298 0.229396077772 0.213756448571 0.183010517876 

1000 130
1000 127
1000 171
1000 152
1000 181
1000 183
1000 179
1000 179
1000 179
1000 180
1000 177
1000 176
1000 179
1000 186
1000 189
1000 212
1000 167
1000 182
1000 189
1000 184
1000 181
1000 191
1000 191
1000 178
1000 192
1000 181
1000 178
1000 195
1000 190
1000 201
1000 195
1000 191
1000 203
1000 207
1000 198
1000 196
1000 206
1000 191
1000 190
1000 197
1000 166
1000 211
1000 197
1000 192
1000 211
1000 234
1000 194
1000 201
1000 201
1000 199
1000 190
1000 161
1000 193
1000 201
1000 203
1000 222
1000 215
1000 188
1000 208
1000 223
1000 216
1000 222
1000 183
1000 255
1000 214
1000 192
1000 205
1000 206
1000 206
1000 204
1000 179
1000 223
1000 218
1000 216
1000 206
1000 199
1000 219
1000 257
1000 256
1000 243
1000 271
1000 237
1000 272
1000 249
1000 224
1000 257
1000 233
1000 226
1000 268
1000 275
1000 262
1000 275
1000 240
1000 236
1000 249
1000 255
1000 253
1000 230
1000 266
1000 275
10000 1106
10000 1185
10000 1174
10000 1164
10000 1148
10000 1171
10000 1177
10000 1163
10000 1390
10000 1398
10000 1375
10000 1391
10000 1256
10000 1278
10000 1258
10000 1282
10000 1274
10000 1238
10000 1073
10000 852
10000 777
10000 723
10000 653
10000 734
10000 729
10000 688
10000 686
10000 732
10000 697
10000 701
10000 682
10000 688
10000 694
10000 688
10000 697
10000 692
10000 695
10000 695
10000 686
10000 695
10000 696
10000 694
10000 690
10000 692
10000 694
10000 682
10000 703
10000 714
10000 688
10000 686
10000 633
10000 695
10000 693
10000 698
10000 755
10000 756
10000 721
10000 744
10000 751
10000 696
10000 762
10000 790
10000 884
10000 952
10000 930
10000 1066
10000 1262
10000 1374
10000 1403
10000 1314
10000 1267
10000 1319
10000 1264
10000 1304
10000 1386
10000 1313
10000 1294
10000 1256
10000 1314
10000 1314
10000 1299
10000 1274
10000 1308
10000 1315
10000 1295
10000 1334
10000 1262
10000 1331
10000 1300
10000 1261
10000 1304
10000 1283
10000 1309
10000 1272
10000 1285
10000 1320
10000 1272
10000 1293
10000 1292
10000 1272
100000 5541
100000 5457
100000 5544
100000 5588
100000 5474
100000 5584
100000 5464
100000 5589
100000 5456
100000 6413
100000 5469
100000 6428
100000 5464
100000 5413
100000 7036
100000 5500
100000 5497
100000 5839
100000 5533
100000 6088
100000 5456
100000 5604
100000 5398
100000 5533
100000 5594
100000 5403
100000 7041
100000 5334
100000 6266
100000 5464
100000 5328
100000 6897
100000 5666
100000 6390
100000 6703
100000 5476
100000 6465
100000 5434
100000 5595
100000 5725
100000 5575
100000 6634
100000 5462
100000 5451
100000 6615
100000 5436
100000 6579
100000 5434
100000 5447
100000 6454
100000 5568
100000 6584
100000 5593
100000 5532
100000 6536
100000 5411
100000 6912
100000 5408
100000 5482
100000 6185
100000 5420
100000 6550
100000 5468
100000 5968
100000 5851
100000 5440
100000 6460
100000 5481
100000 6247
100000 5529
100000 5424
100000 6481
100000 5536
100000 6450
100000 5487
100000 5440
100000 5544
100000 5514
100000 5488
100000 5492
100000 5517
100000 5539
100000 5589
100000 5636
100000 5475
100000 5648
100000 5670
100000 6015
100000 5494
100000 5701
100000 5660
100000 5686
100000 5674
100000 5908
100000 5914
100000 5885
100000 5877
100000 5905
100000 6014
100000 6055
1000000 58877
1000000 57035
1000000 56387
1000000 55763
1000000 56140
1000000 55289
1000000 55381
1000000 54380
1000000 54721
1000000 53852
1000000 55771
1000000 55622
1000000 56246
1000000 55030
1000000 55407
1000000 55288
1000000 55598
1000000 55821
1000000 54628
1000000 54869
1000000 55734
1000000 56993
1000000 54251
1000000 56604
1000000 53749
1000000 55882
1000000 53357
1000000 52648
1000000 52554
1000000 53456
1000000 54137
1000000 53601
1000000 53700
1000000 56767
1000000 60578
1000000 59230
1000000 59952
1000000 60144
1000000 58679
1000000 58462
1000000 59672
1000000 59229
1000000 58988
1000000 60341
1000000 59246
1000000 52350
1000000 52261
1000000 52663
1000000 52799
1000000 51949
1000000 52589
1000000 53383
1000000 52372
1000000 52886
1000000 52721
1000000 59250
1000000 60411
1000000 59179
1000000 58668
1000000 59719
1000000 60613
1000000 58140
1000000 59664
1000000 60427
1000000 58476
1000000 60218
1000000 60042
1000000 52601
1000000 52723
1000000 52707
1000000 52097
1000000 52474
1000000 52725
1000000 52558
1000000 55337
1000000 53302
1000000 52119
1000000 57609
1000000 60707
1000000 59551
1000000 58357
1000000 59939
1000000 59963
1000000 58388
1000000 57892
1000000 59534
1000000 59682
1000000 59029
1000000 59443
1000000 53429
1000000 52382
1000000 52438
1000000 52778
1000000 52831
1000000 53535
1000000 53149
1000000 52659
1000000 52578
1000000 53236
1000000 60548

1000 171
1000 156
1000 176
1000 181
1000 182
1000 179
1000 192
1000 193
1000 193
1000 191
1000 199
1000 176
1000 174
1000 160
1000 208
1000 192
1000 201
1000 195
1000 211
1000 320
1000 181
1000 173
1000 142
1000 175
1000 253
1000 160
1000 145
1000 159
1000 164
1000 177
1000 163
1000 168
1000 173
1000 173
1000 159
1000 170
1000 145
1000 163
1000 165
1000 154
1000 174
1000 133
1000 171
1000 155
1000 152
1000 185
1000 212
1000 158
1000 190
1000 167
1000 163
1000 184
1000 177
1000 201
1000 178
1000 202
1000 210
1000 234
1000 180
1000 272
1000 239
1000 235
1000 225
1000 237
1000 262
1000 233
1000 259
1000 233
1000 249
1000 261
1000 258
1000 241
1000 255
1000 229
1000 316
1000 232
1000 234
1000 234
1000 229
1000 226
1000 227
1000 250
1000 229
1000 281
1000 232
1000 236
1000 219
1000 222
1000 232
1000 238
1000 251
1000 231
1000 239
1000 245
1000 223
1000 234
1000 230
1000 236
1000 232
1000 247
10000 753
10000 715
10000 769
10000 722
10000 727
10000 731
10000 727
10000 704
10000 742
10000 727
10000 791
10000 740
10000 710
10000 740
10000 726
10000 756
10000 571
10000 569
10000 590
10000 604
10000 605
10000 623
10000 613
10000 599
10000 606
10000 610
10000 601
10000 596
10000 602
10000 610
10000 613
10000 619
10000 589
10000 607
10000 601
10000 600
10000 585
10000 607
10000 597
10000 603
10000 627
10000 612
10000 604
10000 667
10000 585
10000 607
10000 620
10000 595
10000 609
10000 607
10000 602
10000 586
10000 598
10000 598
10000 598
10000 673
10000 699
10000 692
10000 682
10000 682
10000 682
10000 700
10000 700
10000 724
10000 717
10000 716
10000 709
10000 707
10000 707
10000 704
10000 699
10000 790
10000 756
10000 757
10000 781
10000 793
10000 803
10000 699
10000 745
10000 737
10000 718
10000 755
10000 759
10000 695
10000 732
10000 730
10000 760
10000 724
10000 750
10000 755
10000 718
10000 732
10000 745
10000 716
10000 747
10000 742
10000 723
10000 737
10000 748
10000 714
100000 3119
100000 4071
100000 5731
100000 3280
100000 2827
100000 2937
100000 2862
100000 2820
100000 2860
100000 2824
100000 2831
100000 2871
100000 2825
100000 2857
100000 2853
100000 2822
100000 3532
100000 2798
100000 2817
100000 2806
100000 2915
100000 2855
100000 2862
100000 2820
100000 2845
100000 2872
100000 2775
100000 2838
100000 2780
100000 2894
100000 2875
100000 2782
100000 2790
100000 2799
100000 2834
100000 2893
100000 2836
100000 2788
100000 2828
100000 2825
100000 2821
100000 2950
100000 2808
100000 2818
100000 2964
100000 3098
100000 3216
100000 3071
100000 3097
100000 3096
100000 3059
100000 3079
100000 3184
100000 3148
100000 3065
100000 3060
100000 3142
100000 3059
100000 3074
100000 3450
100000 3086
100000 3089
100000 3104
100000 3141
100000 3132
100000 3130
100000 3158
100000 3177
100000 3108
100000 4143
100000 3060
100000 4113
100000 3075
100000 3305
100000 3147
100000 3126
100000 3244
100000 3149
100000 3043
100000 3132
100000 3364
100000 3162
100000 4188
100000 3096
100000 4090
100000 3028
100000 3372
100000 3081
100000 3089
100000 3064
100000 3104
100000 3272
100000 3150
100000 3360
100000 3153
100000 3576
100000 3195
100000 4099
100000 3088
100000 3825
1000000 29483
1000000 28670
1000000 29519
1000000 29179
1000000 29115
1000000 28677
1000000 29475
1000000 28689
1000000 30565
1000000 28290
1000000 30652
1000000 27990
1000000 28947
1000000 29498
1000000 28913
1000000 29426
1000000 28462
1000000 29920
1000000 28336
1000000 28642
1000000 29921
1000000 27578
1000000 27516
1000000 27268
1000000 27058
1000000 27352
1000000 27612
1000000 27113
1000000 28039
1000000 27282
1000000 27720
1000000 27553
1000000 27349
1000000 27747
1000000 27568
1000000 27702
1000000 28300
1000000 29497
1000000 29035
1000000 29669
1000000 29602
1000000 29497
1000000 28418
1000000 29037
1000000 28809
1000000 31690
1000000 28890
1000000 29537
1000000 29535
1000000 27833
1000000 27636
1000000 27923
1000000 29119
1000000 29480
1000000 29026
1000000 27803
1000000 27855
1000000 27677
1000000 27429
1000000 26967
1000000 27145
1000000 27245
1000000 27766
1000000 27853
1000000 28166
1000000 27669
1000000 27252
1000000 29477
1000000 26955
1000000 26991
1000000 27180
1000000 27025
1000000 27465
1000000 29027
1000000 29132
1000000 29649
1000000 28178
1000000 29631
1000000 29615
1000000 29287
1000000 29783
1000000 29575
1000000 30537
1000000 29975
1000000 27862
1000000 27441
1000000 29632
1000000 28840
1000000 27905
1000000 27451
1000000 27382
1000000 28601
1000000 27438
1000000 29646
1000000 28554
1000000 27233
1000000 27102
1000000 28413
1000000 27120
1000000 28216

1000 280
1000 324
1000 375
1000 284
1000 268
1000 243
1000 365
1000 229
1000 748
1000 361
1000 1953
1000 270
1000 232
1000 238
1000 169
1000 234
1000 160
1000 155
1000 137
1000 230
1000 179
1000 195
1000 144
1000 248
1000 159
1000 155
1000 160
1000 223
1000 161
1000 160
1000 245
1000 166
1000 159
1000 158
1000 237
1000 233
1000 246
1000 1172
1000 255
1000 165
1000 145
1000 168
1000 147
1000 238
1000 220
1000 164
1000 227
1000 527
1000 183
1000 206
1000 158
1000 156
1000 232
1000 189
1000 237
1000 153
1000 139
1000 240
1000 234
1000 497
1000 152
1000 168
1000 212
1000 166
1000 156
1000 166
1000 210
1000 162
1000 245
1000 244
1000 237
1000 188
1000 157
1000 250
1000 169
1000 175
1000 163
1000 143
1000 169
1000 234
1000 235
1000 250
1000 150
1000 161
1000 253
1000 245
1000 231
1000 235
1000 356
1000 266
1000 227
1000 157
1000 172
1000 190
1000 203
1000 250
1000 159
1000 196
1000 232
1000 181
10000 814
10000 465
10000 739
10000 455
10000 826
10000 451
10000 783
10000 452
10000 494
10000 454
10000 746
10000 671
10000 810
10000 594
10000 460
10000 775
10000 618
10000 815
10000 809
10000 451
10000 503
10000 794
10000 783
10000 469
10000 778
10000 461
10000 785
10000 542
10000 772
10000 764
10000 793
10000 762
10000 583
10000 657
10000 765
10000 437
10000 755
10000 802
10000 462
10000 814
10000 786
10000 475
10000 494
10000 689
10000 855
10000 781
10000 446
10000 782
10000 441
10000 796
10000 463
10000 786
10000 434
10000 810
10000 519
10000 807
10000 791
10000 759
10000 766
10000 561
10000 806
10000 808
10000 854
10000 434
10000 445
10000 804
10000 756
10000 448
10000 812
10000 800
10000 800
10000 462
10000 791
10000 787
10000 780
10000 446
10000 463
10000 457
10000 755
10000 825
10000 440
10000 612
10000 802
10000 791
10000 779
10000 798
10000 775
10000 813
10000 775
10000 556
10000 813
10000 775
10000 788
10000 772
10000 441
10000 807
10000 472
10000 783
10000 439
10000 796
100000 2071
100000 1688
100000 2081
100000 2713
100000 4103
100000 3545
100000 2698
100000 3122
100000 2345
100000 2504
100000 3182
100000 2492
100000 3119
100000 4106
100000 2391
100000 2207
100000 1481
100000 1499
100000 3746
100000 2847
100000 2824
100000 1490
100000 2619
100000 3791
100000 2823
100000 2895
100000 2660
100000 2400
100000 1436
100000 2591
100000 1834
100000 2819
100000 1532
100000 1454
100000 2570
100000 2809
100000 1892
100000 2109
100000 2480
100000 2411
100000 2039
100000 1489
100000 3931
100000 2080
100000 2298
100000 2841
100000 3044
100000 3781
100000 1526
100000 1666
100000 3823
100000 2697
100000 1937
100000 2823
100000 1434
100000 3732
100000 1491
100000 2819
100000 2831
100000 2799
100000 3964
100000 2309
100000 1514
100000 1440
100000 1578
100000 1485
100000 1733
100000 2788
100000 2609
100000 1507
100000 1447
100000 4322
100000 2616
100000 2689
100000 1492
100000 2578
100000 3765
100000 1510
100000 3033
100000 1563
100000 1504
100000 1488
100000 1811
100000 1682
100000 1447
100000 1544
100000 2842
100000 2717
100000 1610
100000 1445
100000 2598
100000 1446
100000 2829
100000 1563
100000 1466
100000 1479
100000 2866
100000 1550
100000 1473
100000 2948
1000000 26093
1000000 15392
1000000 21794
1000000 15898
1000000 14420
1000000 15472
1000000 13945
1000000 15323
1000000 14401
1000000 13931
1000000 15151
1000000 20668
1000000 14348
1000000 22336
1000000 17466
1000000 16771
1000000 16893
1000000 16965
1000000 17293
1000000 21031
1000000 16982
1000000 17605
1000000 18008
1000000 18004
1000000 17614
1000000 16697
1000000 17062
1000000 17212
1000000 16333
1000000 21273
1000000 17976
1000000 18109
1000000 18368
1000000 16977
1000000 19310
1000000 20193
1000000 17945
1000000 18400
1000000 17657
1000000 18466
1000000 17010
1000000 17748
1000000 20567
1000000 19583
1000000 17231
1000000 14379
1000000 22820
1000000 19335
1000000 26135
1000000 20721
1000000 20045
1000000 19188
1000000 20569
1000000 21008
1000000 20056
1000000 23843
1000000 21010
1000000 23703
1000000 21169
1000000 24729
1000000 23999
1000000 20675
1000000 21217
1000000 21513
1000000 20652
1000000 16229
1000000 19445
1000000 13958
1000000 21351
1000000 17120
1000000 16559
1000000 16601
1000000 20826
1000000 18139
1000000 18001
1000000 20679
1000000 19279
1000000 17455
1000000 15222
1000000 22030
1000000 22231
1000000 19235
1000000 22443
1000000 19806
1000000 22594
1000000 20185
1000000 24988
1000000 19789
1000000 25599
1000000 25788
1000000 20412
1000000 20492
1000000 22797
1000000 20173
1000000 19003
1000000 19275
1000000 25597
1000000 20293
1000000 14370
1000000 14470

1000 678
1000 394
1000 592
1000 679
1000 426
1000 438
1000 424
1000 787
1000 451
1000 319
1000 442
1000 583
1000 3846
1000 3950
1000 526
1000 344
1000 774
1000 520
1000 469
1000 300
1000 444
1000 377
1000 515
1000 637
1000 560
1000 656
1000 216
1000 232
1000 230
1000 297
1000 816
1000 453
1000 427
1000 214
1000 250
1000 491
1000 346
1000 335
1000 554
1000 489
1000 295
1000 345
1000 318
1000 275
1000 221
1000 212
1000 248
1000 472
1000 295
1000 601
1000 198
1000 515
1000 331
1000 556
1000 393
1000 219
1000 324
1000 373
1000 219
1000 731
1000 305
1000 264
1000 416
1000 197
1000 509
1000 399
1000 319
1000 296
1000 227
1000 434
1000 224
1000 213
1000 211
1000 369
1000 494
1000 514
1000 370
1000 445
1000 888
1000 382
1000 215
1000 229
1000 282
1000 253
1000 620
1000 342
1000 299
1000 264
1000 658
1000 265
1000 285
1000 582
1000 267
1000 341
1000 365
1000 431
1000 220
1000 481
1000 501
1000 429
10000 1305
10000 1045
10000 1008
10000 1189
10000 1179
10000 694
10000 860
10000 751
10000 1111
10000 678
10000 1036
10000 1447
10000 676
10000 700
10000 1016
10000 981
10000 1075
10000 2943
10000 1157
10000 1390
10000 859
10000 839
10000 992
10000 633
10000 704
10000 688
10000 856
10000 738
10000 745
10000 1162
10000 726
10000 700
10000 1204
10000 1056
10000 682
10000 991
10000 1004
10000 1005
10000 618
10000 858
10000 674
10000 1345
10000 739
10000 1164
10000 672
10000 1450
10000 807
10000 716
10000 876
10000 971
10000 892
10000 905
10000 757
10000 899
10000 830
10000 902
10000 766
10000 1261
10000 1216
10000 1050
10000 1210
10000 1193
10000 666
10000 773
10000 719
10000 1246
10000 1107
10000 1106
10000 671
10000 663
10000 718
10000 1028
10000 1068
10000 658
10000 1198
10000 620
10000 1432
10000 783
10000 748
10000 1242
10000 1059
10000 657
10000 901
10000 936
10000 685
10000 1219
10000 1018
10000 921
10000 843
10000 960
10000 663
10000 1109
10000 706
10000 1530
10000 731
10000 1110
10000 662
10000 763
10000 1015
10000 943
100000 2643
100000 3043
100000 2276
100000 2519
100000 1660
100000 2483
100000 1573
100000 1632
100000 2276
100000 1525
100000 2279
100000 2391
100000 1597
100000 2120
100000 1704
100000 2281
100000 2515
100000 2176
100000 2449
100000 2240
100000 2257
100000 2496
100000 1635
100000 2207
100000 2496
100000 2206
100000 2320
100000 3143
100000 2229
100000 2133
100000 1742
100000 1929
100000 1607
100000 2472
100000 2186
100000 2288
100000 1798
100000 2221
100000 2212
100000 2318
100000 2480
100000 2612
100000 1581
100000 2551
100000 3187
100000 2164
100000 3976
100000 1717
100000 2235
100000 2255
100000 3029
100000 2197
100000 2219
100000 1585
100000 2138
100000 1722
100000 2204
100000 2278
100000 2645
100000 11784
100000 2989
100000 2634
100000 4837
100000 8129
100000 4731
100000 4306
100000 2644
100000 5550
100000 5113
100000 2464
100000 3118
100000 1793
100000 2314
100000 3899
100000 6827
100000 3656
100000 2266
100000 1602
100000 2334
100000 2347
100000 2677
100000 2423
100000 3152
100000 3045
100000 2516
100000 3324
100000 2202
100000 1749
100000 2490
100000 3183
100000 2187
100000 2228
100000 1500
100000 2405
100000 2094
100000 2427
100000 2364
100000 1896
100000 1639
100000 2748
1000000 15442
1000000 17491
1000000 21379
1000000 14235
1000000 19751
1000000 15755
1000000 19059
1000000 14022
1000000 15617
1000000 14529
1000000 14722
1000000 15011
1000000 19071
1000000 14651
1000000 17706
1000000 19443
1000000 17702
1000000 17646
1000000 21298
1000000 22202
1000000 21178
1000000 21327
1000000 22831
1000000 18505
1000000 19077
1000000 20318
1000000 21519
1000000 20033
1000000 17503
1000000 21256
1000000 15604
1000000 18978
1000000 20060
1000000 19141
1000000 20271
1000000 20056
1000000 20288
1000000 19254
1000000 19921
1000000 20942
1000000 21250
1000000 21980
1000000 19003
1000000 19309
1000000 19637
1000000 16046
1000000 20154
1000000 14085
1000000 16731
1000000 14439
1000000 13698
1000000 15627
1000000 18172
1000000 14433
1000000 14712
1000000 15444
1000000 17419
1000000 14760
1000000 16387
1000000 14973
1000000 14706
1000000 13933
1000000 16093
1000000 14991
1000000 17181
1000000 22810
1000000 19317
1000000 22175
1000000 20330
1000000 26533
1000000 17446
1000000 20011
1000000 19115
1000000 18487
1000000 15789
1000000 21666
1000000 14853
1000000 15438
1000000 16483
1000000 16563
1000000 16799
1000000 17658
1000000 17745
1000000 18543
1000000 20042
1000000 20245
1000000 18970
1000000 19056
1000000 21013
1000000 21439
1000000 19737
1000000 20752
1000000 18868
1000000 19249
1000000 20846
1000000 19749
1000000 20568
1000000 14623
1000000 17101
1000000 16553

1000 700
1000 728
1000 801
1000 583
1000 729
1000 580
1000 779
1000 895
1000 663
1000 669
1000 533
1000 889
1000 593
1000 606
1000 597
1000 1134
1000 611
1000 602
1000 624
1000 649
1000 811
1000 840
1000 895
1000 623
1000 572
1000 840
1000 1305
1000 926
1000 743
1000 595
1000 602
1000 723
1000 670
1000 3708
1000 2783
1000 1217
1000 579
1000 575
1000 919
1000 599
1000 526
1000 607
1000 853
1000 919
1000 625
1000 503
1000 693
1000 675
1000 719
1000 725
1000 759
1000 637
1000 517
1000 844
1000 768
1000 628
1000 808
1000 755
1000 643
1000 607
1000 809
1000 579
1000 633
1000 715
1000 653
1000 797
1000 752
1000 723
1000 608
1000 855
1000 639
1000 772
1000 875
1000 741
1000 833
1000 527
1000 660
1000 582
1000 709
1000 587
1000 685
1000 995
1000 670
1000 662
1000 724
1000 990
1000 929
1000 609
1000 633
1000 1004
1000 837
1000 666
1000 906
1000 687
1000 635
1000 665
1000 629
1000 501
1000 610
1000 838
10000 793
10000 1142
10000 1102
10000 905
10000 1252
10000 4182
10000 7447
10000 3317
10000 1000
10000 452
10000 1013
10000 450
10000 896
10000 652
10000 649
10000 686
10000 737
10000 404
10000 481
10000 375
10000 651
10000 493
10000 428
10000 691
10000 517
10000 429
10000 450
10000 605
10000 641
10000 443
10000 610
10000 516
10000 473
10000 454
10000 371
10000 395
10000 759
10000 475
10000 610
10000 462
10000 638
10000 538
10000 562
10000 368
10000 838
10000 413
10000 626
10000 634
10000 602
10000 690
10000 661
10000 545
10000 376
10000 520
10000 509
10000 730
10000 728
10000 653
10000 382
10000 705
10000 608
10000 507
10000 471
10000 443
10000 2463
10000 511
10000 376
10000 770
10000 609
10000 502
10000 398
10000 505
10000 467
10000 941
10000 928
10000 496
10000 688
10000 432
10000 681
10000 1310
10000 3659
10000 2176
10000 1071
10000 598
10000 640
10000 2434
10000 541
10000 634
10000 574
10000 1035
10000 538
10000 639
10000 505
10000 1158
10000 976
10000 873
10000 488
10000 2429
10000 597
10000 382
100000 2331
100000 2499
100000 1898
100000 2086
100000 2920
100000 1952
100000 3288
100000 3096
100000 2366
100000 2856
100000 3588
100000 1814
100000 2475
100000 2176
100000 4567
100000 3338
100000 8641
100000 1876
100000 4228
100000 2132
100000 6179
100000 2990
100000 5268
100000 3027
100000 6330
100000 2523
100000 3013
100000 2557
100000 3346
100000 2357
100000 1930
100000 2815
100000 2075
100000 2076
100000 3431
100000 2096
100000 3063
100000 2426
100000 2000
100000 2718
100000 1963
100000 2090
100000 2537
100000 11493
100000 11434
100000 7063
100000 2714
100000 4694
100000 2879
100000 2572
100000 7071
100000 6032
100000 2410
100000 3739
100000 2472
100000 3213
100000 3016
100000 4809
100000 6837
100000 2481
100000 2627
100000 4928
100000 2591
100000 2805
100000 4710
100000 2259
100000 1897
100000 2727
100000 2813
100000 3746
100000 2741
100000 3145
100000 8085
100000 2092
100000 2079
100000 2334
100000 2877
100000 2359
100000 2026
100000 2137
100000 2080
100000 2236
100000 2643
100000 2015
100000 2072
100000 1723
100000 2356
100000 4016
100000 2263
100000 2208
100000 2285
100000 2021
100000 3726
100000 1849
100000 2320
100000 1930
100000 2006
100000 3121
100000 2216
100000 2245
1000000 14675
1000000 15628
1000000 14040
1000000 16777
1000000 15128
1000000 15057
1000000 17061
1000000 14638
1000000 16850
1000000 16714
1000000 19143
1000000 21191
1000000 19559
1000000 18310
1000000 18285
1000000 18652
1000000 18155
1000000 23280
1000000 26078
1000000 21639
1000000 22168
1000000 15910
1000000 17142
1000000 15660
1000000 17600
1000000 27045
1000000 17981
1000000 16542
1000000 17815
1000000 18182
1000000 18632
1000000 15901
1000000 15502
1000000 15517
1000000 22175
1000000 21428
1000000 15498
1000000 17930
1000000 18203
1000000 16807
1000000 15081
1000000 16874
1000000 19103
1000000 17378
1000000 18466
1000000 16864
1000000 18453
1000000 21892
1000000 20658
1000000 14726
1000000 14636
1000000 18095
1000000 14803
1000000 18228
1000000 17616
1000000 17556
1000000 17917
1000000 18176
1000000 20047
1000000 18909
1000000 17243
1000000 19975
1000000 17532
1000000 17416
1000000 18778
1000000 19461
1000000 15884
1000000 18093
1000000 17913
1000000 22850
1000000 20157
1000000 19212
1000000 22550
1000000 19425
1000000 18353
1000000 20586
1000000 20310
1000000 18176
1000000 18641
1000000 17959
1000000 14458
1000000 18665
1000000 14119
1000000 14707
1000000 14571
1000000 14342
1000000 14960
1000000 14321
1000000 16940
1000000 16648
1000000 15792
1000000 15908
1000000 14595
1000000 15594
1000000 14517
1000000 15467
1000000 16074
1000000 15939
1000000 16342
1000000 17891

